ERR5056109 ERR5056109 -0.0887594 0.315186 -0.39118 0.495384 -0.578703 -0.0894456 -0.0712568 -0.126014 0.0491328 0.032297 -0.170572 -0.0723101 0.0314568 0.0347906 -0.118546 0.116141 -0.250949
ERR5056110 ERR5056110 -0.0361863 -0.0508624 0.193062 0.285649 0.134525 0.687922 -0.0751572 -0.262607 -0.108517 -0.160031 0.107334 0.0493632 0.0887578 -0.345881 0.0172344 0.275936 -0.236638
ERR5056113 ERR5056113 0.308492 0.305834 -0.16305 -0.423428 -0.128296 0.108192 -0.0192141 0.411256 -0.102316 -0.0297718 0.129157 -0.0617572 0.211633 0.00562779 0.264095 0.456246 -0.230605
ERR5056115 ERR5056115 -0.0333657 -0.124142 -0.0736994 0.166 0.390973 -0.151876 -0.648274 0.347833 0.141783 0.14746 -0.251936 0.0704712 -0.137584 -0.079068 -0.10759 0.165222 -0.242849
ERR5056116 ERR5056116 0.439071 -0.0576951 0.469708 -0.109479 -0.237936 -0.297046 -0.323469 -0.376734 -0.0374999 0.112491 0.0429578 0.09181 0.271293 -0.0254189 -0.0688697 -0.0824068 -0.264103
ERR5056119 ERR5056119 0.162837 0.267155 0.130567 0.023882 0.231725 0.142301 0.108763 -0.132109 0.657946 -0.0811908 -0.1186 -0.351908 -0.0721241 0.27955 0.188188 -0.144199 -0.253611
ERR5056122 ERR5056122 0.090844 -0.0130493 0.113209 0.242833 0.00612195 -0.241206 -0.0146322 0.0951184 -0.36432 -0.492235 0.050929 -0.0404024 -0.38566 0.0102624 0.49068 -0.170961 -0.232873
ERR5056129 ERR5056129 -0.00255284 -0.313807 -0.174454 0.259986 0.277694 -0.172779 0.230453 -0.0325155 -0.0184046 -0.131571 0.221011 0.209032 0.438731 0.494847 -0.0345097 0.192098 -0.238158
ERR5056132 ERR5056132 0.0245589 0.0544304 -0.227913 0.063026 0.203088 -0.0271754 0.208944 -0.129146 -0.107751 0.618112 -0.0625495 0.187092 0.0819929 -0.251759 0.469403 -0.250461 -0.228984
ERR5056133 ERR5056133 -0.0128095 -0.270456 0.192709 0.178518 -0.192546 0.0202229 0.134046 0.346875 0.0550579 0.362333 0.534693 -0.37594 -0.192329 -0.0383401 -0.151345 -0.0505189 -0.23759
ERR5056138 ERR5056138 -0.253758 -0.278755 0.187334 -0.177737 -0.164876 0.238513 0.0460104 0.0935161 -0.317642 0.117904 -0.565618 -0.259099 0.1161 0.331673 0.0455368 -0.0747871 -0.251549
ERR5056142 ERR5056142 -0.387676 -0.0168045 0.231369 -0.14579 -0.300755 0.0576474 0.0447859 0.207805 0.371954 -0.0867348 0.056316 0.633219 -0.0588147 0.00270199 0.127982 -0.0846197 -0.242192
ERR5056143 ERR5056143 -0.568153 0.116814 -0.155874 -0.379976 0.123158 -0.186438 -0.215741 -0.382544 -0.0812969 -0.0523067 0.318293 -0.248818 -0.0358228 -0.0156783 -0.00223197 0.0455138 -0.275491
ERR5056145 ERR5056145 0.326825 -0.0637704 -0.343547 -0.224271 -0.00834433 0.314086 -0.0650567 -0.15412 -0.13149 0.0403071 0.0958948 0.26635 -0.469406 0.304649 -0.292297 -0.203255 -0.234811
ERR5056154 ERR5056154 0.0654759 -0.0934548 -0.267147 -0.0953889 0.0146852 0.0497375 0.00615345 0.227103 0.0544796 -0.345402 -0.0167283 -0.115504 0.397304 -0.373232 -0.223086 -0.563999 -0.226502
ERR5056155 ERR5056155 0.112408 -0.350513 -0.084305 -0.176473 -0.0118222 -0.269001 0.425653 -0.156348 0.176009 -0.107637 -0.284119 -0.0376512 -0.256042 -0.376195 -0.138071 0.375862 -0.236655
ERR5056158 ERR5056158 -0.0706072 0.558908 0.313466 0.0585499 0.280492 -0.133673 0.317989 0.143217 -0.275933 0.0429301 -0.08641 0.117968 -0.0413493 -0.0187361 -0.454138 -0.0202504 -0.233876
