ERR5056109 ERR5056109 -0.0413258 0.0509322 -0.53893 0.319148 0.349055 -0.529328 -0.0894295 0.0474797 0.0272695 0.099927 -0.0574217 0.257993 0.103403 0.0907274 0.171154 0.0271432 -0.248146
ERR5056110 ERR5056110 0.16057 0.0628459 -0.21463 -0.330787 0.331112 0.181427 0.316558 -0.114465 -0.393505 0.163349 -0.182496 -0.402075 0.20255 -0.079303 0.0882134 0.265557 -0.238336
ERR5056113 ERR5056113 0.102898 0.0148511 0.376676 0.478929 0.0697309 0.159982 -0.191651 0.225971 -0.186403 0.146509 0.155802 -0.0342163 -0.185185 -0.181169 0.354054 0.413174 -0.234191
ERR5056115 ERR5056115 -0.110152 -0.441624 -0.16069 -0.0224359 -0.193143 0.248665 -0.0384274 0.391009 -0.325866 -0.437681 -0.0597595 0.223409 0.258542 0.186996 0.0141244 0.0172204 -0.24385
ERR5056116 ERR5056116 0.557295 0.235208 0.0670792 -0.00803926 -0.527847 -0.385561 0.0787715 -0.0819594 -0.111035 -0.264481 -0.135417 -0.0705397 0.00837491 -0.0317492 0.112893 -0.0450238 -0.260558
ERR5056119 ERR5056119 0.176741 0.131692 -0.0350125 0.171611 0.375452 0.331154 0.133939 -0.358008 0.113876 -0.535918 0.102971 0.216862 -0.213746 -0.16118 -0.122683 -0.131553 -0.249349
ERR5056122 ERR5056122 0.00346497 -0.104537 -0.361066 -0.0899667 -0.311399 0.0747701 0.196585 -0.0649469 0.102344 0.188506 0.458088 0.0148684 -0.444683 0.229187 -0.191717 0.3263 -0.235801
ERR5056129 ERR5056129 0.111053 -0.370276 -0.050146 -0.210715 -0.0646823 0.128091 0.127716 0.028461 0.513953 0.17746 -0.0118285 0.0521689 0.0555163 -0.31 0.509871 -0.225475 -0.239675
ERR5056132 ERR5056132 -0.115396 -0.251673 -0.00452941 0.101751 -0.047005 -0.0312497 -0.142478 -0.0157115 0.167407 0.0265425 -0.703927 -0.158122 -0.362279 -0.130462 -0.340918 0.145357 -0.233179
ERR5056133 ERR5056133 -0.000370819 -0.0895452 -0.0177786 -0.332758 -0.0201254 -0.0724293 -0.665871 -0.271262 -0.227175 0.111432 0.236824 0.113329 0.0784895 -0.357013 -0.180974 -0.0470976 -0.238279
ERR5056138 ERR5056138 -0.0798722 0.241187 0.303917 -0.390962 0.145419 -0.0819939 0.19729 0.279283 -0.185333 0.1994 -0.135117 0.503014 -0.319952 0.0874759 -0.00552646 -0.169151 -0.247767
ERR5056142 ERR5056142 -0.182713 0.421405 -0.0127111 -0.218471 0.067274 -0.0422939 -0.130727 0.472764 0.42049 -0.274201 0.139355 -0.268325 0.153578 -0.11831 -0.136419 0.189829 -0.242051
ERR5056143 ERR5056143 -0.701265 0.0762081 0.139616 0.140491 -0.245789 -0.160231 0.314907 -0.315184 -0.138349 -0.0710677 0.0635477 -0.0721825 0.110404 -0.217919 0.107484 -0.052767 -0.266725
ERR5056145 ERR5056145 0.221246 -0.2179 0.276433 0.231514 0.0783576 -0.103936 0.287361 0.0894016 0.106859 0.267885 0.167881 0.0641423 0.417657 -0.0747719 -0.557618 -0.0625188 -0.235986
ERR5056154 ERR5056154 -0.0151497 -0.173994 0.0875632 0.0614663 0.189748 -0.129881 -0.0964676 0.125316 -0.135183 -0.0314016 0.205024 -0.540348 -0.273086 0.276883 0.0306605 -0.566585 -0.231725
ERR5056155 ERR5056155 -0.0361183 -0.068423 0.347746 -0.144301 0.10498 -0.0303108 -0.178604 -0.376481 0.251493 -0.0443162 -0.0687072 0.0321333 0.208751 0.641265 0.14469 0.253427 -0.236139
ERR5056158 ERR5056158 -0.0171133 0.426791 -0.199517 0.239249 -0.252498 0.50015 -0.178438 -0.025803 0.0260773 0.343926 -0.168449 0.0233545 0.180057 0.187037 -0.0294598 -0.318054 -0.238291
