ERR5056109 ERR5056109 -0.00227463 0.0367244 0.387155 -0.341574 0.691144 -0.063386 0.00574778 -0.163581 -0.209131 0.0947234 0.0537615 0.143058 0.1434 -0.0788073 0.235519 -0.0623329 -0.247794
ERR5056110 ERR5056110 0.133786 0.06564 0.2459 0.194618 -0.193958 -0.296928 -0.690699 0.0473366 -0.118825 -0.0255692 0.0265056 -0.0232433 0.0148406 0.395551 0.205573 0.0480375 -0.238941
ERR5056113 ERR5056113 -0.366575 0.198238 -0.444905 -0.199161 -0.0333861 -0.176424 0.0501982 0.170448 0.229227 0.18704 0.2034 -0.0917838 0.302094 0.0575132 0.381735 0.303437 -0.234985
ERR5056115 ERR5056115 0.027894 -0.154552 0.152846 -0.00147149 -0.0825001 0.610794 -0.136328 0.00855285 0.513638 -0.00394876 0.00250399 0.342936 -0.163911 -0.0218078 0.286909 0.056047 -0.243284
ERR5056116 ERR5056116 -0.0606211 0.463616 -0.183693 0.535665 0.274163 0.408667 0.0183521 0.0285406 -0.171843 -0.12063 -0.168705 -0.103811 0.210453 0.0934407 -0.0663246 -0.102309 -0.257239
ERR5056119 ERR5056119 -0.00413327 0.286588 0.0824119 -0.0753893 -0.333436 0.0981915 -0.103014 -0.574824 -0.0905424 0.417987 0.0410448 -0.178442 -0.0718559 -0.359434 -0.144624 0.0968346 -0.249866
ERR5056122 ERR5056122 -0.0124944 0.17848 0.237036 0.105725 0.0566994 -0.095187 0.22737 0.0173559 0.104529 -0.371329 0.579509 -0.0374328 -0.275211 0.060963 -0.27948 0.370209 -0.235979
ERR5056129 ERR5056129 -0.0767059 -0.286714 0.355106 0.0964173 -0.244167 -0.0193174 0.203596 0.0292795 0.0736441 -0.313525 -0.064172 -0.472443 0.401232 -0.242499 0.198339 -0.161397 -0.240815
ERR5056132 ERR5056132 -0.152822 -0.122476 0.174488 -0.11678 -0.176855 0.0450246 0.101252 0.203606 -0.248969 0.0303019 -0.422304 0.327572 0.242012 0.0631703 -0.34269 0.50002 -0.232345
ERR5056133 ERR5056133 0.0816567 -0.129216 0.158859 0.379886 0.101744 -0.214811 0.288705 0.344139 0.11026 0.610831 -0.0842819 -0.102761 -0.29104 -0.0100051 0.0278117 -0.0528831 -0.239787
ERR5056138 ERR5056138 0.289606 -0.177495 -0.271542 0.207512 -0.0447124 -0.182914 -0.104234 0.0755845 -0.0673429 -0.0229119 0.316557 0.465212 0.298906 -0.4394 -0.129012 -0.18313 -0.248002
ERR5056142 ERR5056142 0.428061 -0.0735131 -0.276671 -0.0618346 0.256757 -0.24573 -0.0452154 -0.235433 0.396949 -0.201556 -0.426759 -0.192452 -0.0630785 -0.0258995 -0.120294 0.226467 -0.243818
ERR5056143 ERR5056143 0.364315 -0.253198 -0.252338 -0.334712 -0.0226881 0.376483 -0.0326695 0.249713 -0.379392 0.0727988 0.207615 -0.355303 -0.104708 0.145767 -0.0419175 0.0185915 -0.262457
ERR5056145 ERR5056145 -0.549278 -0.124897 -0.134117 -0.0808346 0.127165 -0.0617181 -0.357287 0.193577 -0.0538227 -0.181579 -0.134706 -0.0964574 -0.417705 -0.343154 -0.172403 -0.176188 -0.238225
ERR5056154 ERR5056154 -0.223707 -0.1821 -0.0270293 -0.120615 0.0107332 -0.0134199 0.0347683 -0.215216 0.270015 0.146225 0.120935 0.020338 0.212634 0.494888 -0.46854 -0.425719 -0.231239
ERR5056155 ERR5056155 -0.136794 -0.256989 -0.231714 0.158674 -0.134566 -0.107964 0.330407 -0.421634 -0.338427 -0.169951 -0.0755215 0.218962 -0.291436 0.225761 0.357603 -0.0389804 -0.239374
ERR5056158 ERR5056158 0.192068 0.522022 0.0589287 -0.359946 -0.288341 -0.134687 0.228228 0.254026 0.0342783 -0.161886 -0.188628 0.174693 -0.150729 0.0194888 0.0570531 -0.404796 -0.236596
