7.590383291244506836e-01 -4.251830948192657222e-02 -4.473270879867587146e-02 -4.456227175171582205e-02 -3.409794650136747929e-02 -4.113985765870559197e-02 -4.560310748275259174e-02 -4.335339978997143628e-02 -4.438255898216653117e-02 -4.456529629236475470e-02 -3.944485002404021778e-02 -3.911526220565226392e-02 -3.479348980030114863e-02 -4.900718616920211185e-02 -4.888885624305331495e-02 -4.654491389899360898e-02 -3.840245323976528707e-02
-4.251830948192657222e-02 7.362275719642639160e-01 -3.579312139173694562e-02 -4.162081188929367404e-02 -4.867913849708930402e-02 -4.327900933108422971e-02 -3.493163604289060975e-02 -4.154464085405668722e-02 -3.672450917141078380e-02 -3.654501244047927283e-02 -4.382976494217858537e-02 -4.286038572621980736e-02 -4.843714388473004812e-02 -3.250740050738690212e-02 -3.443265304119931536e-02 -3.383813915652279097e-02 -4.305768125166140742e-02
-4.473270879867587146e-02 -3.579312139173694562e-02 7.228472232818603516e-01 -3.816630560806145989e-02 -6.298780822996187523e-02 -4.910436173327754894e-02 -2.737666627101400726e-02 -3.481602053743940856e-02 -2.907540405632993638e-02 -3.064976109195228018e-02 -4.598230055537814304e-02 -5.023236904658896773e-02 -6.683516331515970688e-02 -1.543384589494290089e-02 -1.733641960062905912e-02 -2.153994222318958082e-02 -4.486406724727440287e-02
-4.456227175171582205e-02 -4.162081188929367404e-02 -3.816630560806145989e-02 7.479057908058166504e-01 -4.324463131490636353e-02 -4.344175958464387144e-02 -3.925330739792049634e-02 -4.026451447787675331e-02 -3.958511135438762957e-02 -4.070220174851343214e-02 -4.203735873583232946e-02 -4.411950060457361933e-02 -4.519837655480902355e-02 -3.606192569966406442e-02 -3.910441149184951809e-02 -3.721997631882238006e-02 -4.402710576604004777e-02
-3.409794650136747929e-02 -4.867913849708930402e-02 -6.298780822996187523e-02 -4.324463131490636353e-02 7.866177558898925781e-01 -2.879347540237262373e-02 -5.823776365631673502e-02 -5.056238894221248836e-02 -5.633142495504166875e-02 -5.105920110424445879e-02 -3.273840154169618127e-02 -2.937387534476975856e-02 -1.356533485874252334e-02 -7.408206724482131744e-02 -6.853729673971800662e-02 -6.983400233756571762e-02 -3.116537906721270762e-02
-4.113985765870559197e-02 -4.327900933108422971e-02 -4.910436173327754894e-02 -4.344175958464387144e-02 -2.879347540237262373e-02 7.586901187896728516e-01 -4.637279384151116873e-02 -4.351102783759337039e-02 -4.752735996683431219e-02 -4.537028057367368389e-02 -3.964171347224625802e-02 -3.715691046489949523e-02 -3.050597693833750554e-02 -4.932591630479966210e-02 -4.816884831290286356e-02 -4.889951879418895364e-02 -3.910952324430572169e-02
-4.560310748275259174e-02 -3.493163604289060975e-02 -2.737666627101400726e-02 -3.925330739792049634e-02 -5.823776365631673502e-02 -4.637279384151116873e-02 7.239500880241394043e-01 -3.544059515043201242e-02 -3.176147491209040108e-02 -3.418583937386600324e-02 -4.631530666221840564e-02 -4.747497060202240937e-02 -5.967107883497258652e-02 -2.159339610086812369e-02 -2.349708136008770570e-02 -2.427577165091638137e-02 -4.447753583063196459e-02
-4.335339978997143628e-02 -4.154464085405668722e-02 -3.481602053743940856e-02 -4.026451447787675331e-02 -5.056238894221248836e-02 -4.351102783759337039e-02 -3.544059515043201242e-02 7.341690659523010254e-01 -3.543120095505237349e-02 -3.804823353445645900e-02 -4.344028564375159579e-02 -4.503394329072698404e-02 -4.902266080632414202e-02 -3.048360648791566263e-02 -3.133415052611954188e-02 -3.091047092070027882e-02 -4.628027356119952807e-02
-4.438255898216653117e-02 -3.672450917141078380e-02 -2.907540405632993638e-02 -3.958511135438762957e-02 -5.633142495504166875e-02 -4.752735996683431219e-02 -3.176147491209040108e-02 -3.543120095505237349e-02 7.292413711547851562e-01 -3.580627535596474231e-02 -4.474653178572002288e-02 -4.874797467280324315e-02 -5.551826256670157334e-02 -2.437838128312777922e-02 -2.469952617295310265e-02 -2.632472720037144082e-02 -4.642778612321794840e-02
-4.456529629236475470e-02 -3.654501244047927283e-02 -3.064976109195228018e-02 -4.070220174851343214e-02 -5.105920110424445879e-02 -4.537028057367368389e-02 -3.418583937386600324e-02 -3.804823353445645900e-02 -3.580627535596474231e-02 7.358715534210205078e-01 -4.343281140447513566e-02 -4.579024919315848041e-02 -5.539949010983570565e-02 -2.856813492829859621e-02 -3.011891239413828913e-02 -2.961790490152876182e-02 -4.459220355376000006e-02
-3.944485002404021778e-02 -4.382976494217858537e-02 -4.598230055537814304e-02 -4.203735873583232946e-02 -3.273840154169618127e-02 -3.964171347224625802e-02 -4.631530666221840564e-02 -4.344028564375159579e-02 -4.474653178572002288e-02 -4.343281140447513566e-02 7.503517866134643555e-01 -3.567425136904368854e-02 -2.765780394487073537e-02 -4.994258460128023908e-02 -4.910628865836840634e-02 -4.900829772273553736e-02 -3.966737676934234402e-02
-3.911526220565226392e-02 -4.286038572621980736e-02 -5.023236904658896773e-02 -4.411950060457361933e-02 -2.937387534476975856e-02 -3.715691046489949523e-02 -4.747497060202240937e-02 -4.503394329072698404e-02 -4.874797467280324315e-02 -4.579024919315848041e-02 -3.567425136904368854e-02 7.610245347023010254e-01 -2.467518001452671458e-02 -5.237054157619991379e-02 -5.227598286699469687e-02 -5.264975406721270762e-02 -4.117228087384192103e-02
-3.479348980030114863e-02 -4.843714388473004812e-02 -6.683516331515970688e-02 -4.519837655480902355e-02 -1.356533485874252334e-02 -3.050597693833750554e-02 -5.967107883497258652e-02 -4.902266080632414202e-02 -5.551826256670157334e-02 -5.539949010983570565e-02 -2.765780394487073537e-02 -2.467518001452671458e-02 7.869877815246582031e-01 -7.401353422007103666e-02 -7.143158700909335579e-02 -7.370279402883755937e-02 -3.289951408315329451e-02
-4.900718616920211185e-02 -3.250740050738690212e-02 -1.543384589494290089e-02 -3.606192569966406442e-02 -7.408206724482131744e-02 -4.932591630479966210e-02 -2.159339610086812369e-02 -3.048360648791566263e-02 -2.437838128312777922e-02 -2.856813492829859621e-02 -4.994258460128023908e-02 -5.237054157619991379e-02 -7.401353422007103666e-02 7.176364064216613770e-01 -8.763304250446907542e-03 -1.042413248508302151e-02 -5.059571464125212775e-02
-4.888885624305331495e-02 -3.443265304119931536e-02 -1.733641960062905912e-02 -3.910441149184951809e-02 -6.853729673971800662e-02 -4.816884831290286356e-02 -2.349708136008770570e-02 -3.133415052611954188e-02 -2.469952617295310265e-02 -3.011891239413828913e-02 -4.910628865836840634e-02 -5.227598286699469687e-02 -7.143158700909335579e-02 -8.763304250446907542e-03 7.152250409126281738e-01 -9.849919261490243036e-03 -4.677323187304979757e-02
-4.654491389899360898e-02 -3.383813915652279097e-02 -2.153994222318958082e-02 -3.721997631882238006e-02 -6.983400233756571762e-02 -4.889951879418895364e-02 -2.427577165091638137e-02 -3.091047092070027882e-02 -2.632472720037144082e-02 -2.961790490152876182e-02 -4.900829772273553736e-02 -5.264975406721270762e-02 -7.370279402883755937e-02 -1.042413248508302151e-02 -9.849919261490243036e-03 7.179786562919616699e-01 -4.651764076574567419e-02
-3.840245323976528707e-02 -4.305768125166140742e-02 -4.486406724727440287e-02 -4.402710576604004777e-02 -3.116537906721270762e-02 -3.910952324430572169e-02 -4.447753583063196459e-02 -4.628027356119952807e-02 -4.642778612321794840e-02 -4.459220355376000006e-02 -3.966737676934234402e-02 -4.117228087384192103e-02 -3.289951408315329451e-02 -5.059571464125212775e-02 -4.677323187304979757e-02 -4.651764076574567419e-02 7.616518735885620117e-01
