0.000010 0.999970 0.000010 0.000010
0.055842 0.944138 0.000010 0.000010
0.000010 0.000010 0.577685 0.422295
0.999970 0.000010 0.000010 0.000010
0.000010 0.190765 0.798773 0.010452
0.385307 0.000011 0.614672 0.000010
0.991414 0.000010 0.008566 0.000010
0.000010 0.031360 0.000010 0.968620
0.950020 0.000010 0.000010 0.049960
0.000010 0.999970 0.000010 0.000010
0.000010 0.049353 0.000010 0.950627
0.000010 0.014726 0.985254 0.000010
0.000010 0.576755 0.000010 0.423225
0.000010 0.000010 0.000010 0.999970
0.628338 0.000010 0.371642 0.000010
0.601659 0.000010 0.000010 0.398321
0.000010 0.000010 0.999970 0.000010
