0.040592 0.959368 0.000010 0.000010 0.000010 0.000010
0.000010 0.000010 0.000010 0.001374 0.071354 0.927241
0.980219 0.000010 0.000010 0.000012 0.000010 0.019739
0.000010 0.000806 0.736491 0.000010 0.262674 0.000010
0.931567 0.000010 0.000010 0.000010 0.000010 0.068392
0.000010 0.000010 0.356167 0.000010 0.000010 0.643793
0.000010 0.184009 0.000010 0.000010 0.000010 0.815951
0.000010 0.988436 0.000010 0.005649 0.005885 0.000010
0.000010 0.151826 0.000010 0.845494 0.002650 0.000010
0.000010 0.963799 0.034318 0.000010 0.001853 0.000010
0.128152 0.000010 0.000010 0.001520 0.870298 0.000010
0.268039 0.000010 0.731921 0.000010 0.000010 0.000010
0.000010 0.000010 0.000010 0.599982 0.399978 0.000010
0.411218 0.000010 0.029134 0.559618 0.000010 0.000010
0.000010 0.000010 0.110295 0.889665 0.000010 0.000010
0.000010 0.000212 0.000010 0.000010 0.999748 0.000010
0.000010 0.000010 0.974910 0.001012 0.000010 0.024048
