0.057466 0.942493 0.000011 0.000010 0.000010 0.000010
0.000010 0.000010 0.000010 0.000010 0.092047 0.907913
0.968955 0.000010 0.000010 0.000010 0.000010 0.031005
0.000010 0.001810 0.646198 0.000010 0.351963 0.000010
0.893514 0.000010 0.000963 0.000010 0.000010 0.105492
0.000010 0.001594 0.311176 0.000010 0.000010 0.687200
0.000010 0.307831 0.000010 0.000010 0.000010 0.692129
0.000010 0.967075 0.000010 0.023391 0.009504 0.000010
0.000010 0.140547 0.000010 0.859413 0.000010 0.000010
0.000010 0.932746 0.064135 0.000010 0.003089 0.000010
0.184513 0.000010 0.000010 0.000485 0.814972 0.000010
0.279035 0.001494 0.718071 0.000010 0.001380 0.000010
0.000010 0.000010 0.000010 0.597862 0.401680 0.000429
0.506363 0.000010 0.118030 0.375577 0.000010 0.000010
0.000010 0.000010 0.018260 0.887596 0.000743 0.093381
0.000011 0.003888 0.000010 0.000010 0.996071 0.000010
0.000010 0.000010 0.963494 0.001215 0.000010 0.035261
