0.000927 0.997453 0.000010 0.000010 0.001599
0.473283 0.000010 0.000010 0.526687 0.000010
0.002656 0.299649 0.697675 0.000010 0.000010
0.000010 0.000010 0.002618 0.925658 0.071704
0.219489 0.000010 0.541998 0.000010 0.238492
0.000010 0.606289 0.000010 0.000010 0.393681
0.000010 0.000010 0.999960 0.000010 0.000010
0.962356 0.000010 0.037614 0.000010 0.000010
0.000010 0.011534 0.000010 0.984476 0.003970
0.000010 0.002489 0.000010 0.000010 0.997481
0.000768 0.082375 0.916836 0.000010 0.000010
0.977939 0.000010 0.000010 0.022031 0.000010
0.024615 0.000010 0.000010 0.000010 0.975355
0.000010 0.315324 0.000010 0.684646 0.000010
0.260487 0.000010 0.304470 0.435023 0.000010
0.035648 0.940154 0.000010 0.024178 0.000010
0.926125 0.073845 0.000010 0.000010 0.000010
