0.000969 0.999001 0.000010 0.000010 0.000010
0.383457 0.000010 0.000010 0.616513 0.000010
0.000010 0.330923 0.669047 0.000010 0.000010
0.000010 0.000010 0.000010 0.643407 0.356563
0.221383 0.000010 0.699105 0.000010 0.079491
0.000010 0.654410 0.000012 0.000010 0.345558
0.000010 0.000010 0.999960 0.000010 0.000010
0.987250 0.000010 0.012720 0.000010 0.000010
0.000010 0.008009 0.000010 0.991961 0.000010
0.000010 0.001784 0.001180 0.000010 0.997017
0.000010 0.049426 0.950544 0.000010 0.000010
0.988116 0.000016 0.000010 0.011848 0.000010
0.021489 0.000010 0.000010 0.000010 0.978481
0.000010 0.083855 0.000185 0.915939 0.000010
0.257423 0.000010 0.272318 0.470239 0.000010
0.000010 0.920062 0.000907 0.079011 0.000010
0.980215 0.019755 0.000010 0.000010 0.000010
