0.000010 0.999970 0.000010 0.000010
0.061363 0.938617 0.000010 0.000010
0.000010 0.000010 0.570838 0.429142
0.999970 0.000010 0.000010 0.000010
0.000010 0.228373 0.765561 0.006056
0.394634 0.000010 0.605345 0.000010
0.993401 0.000010 0.006579 0.000010
0.000010 0.008122 0.000010 0.991858
0.940962 0.000010 0.000010 0.059018
0.000010 0.999970 0.000010 0.000010
0.000010 0.031149 0.000010 0.968831
0.000010 0.011860 0.988120 0.000010
0.000010 0.590129 0.000010 0.409851
0.000018 0.000010 0.000010 0.999962
0.536674 0.000010 0.463306 0.000010
0.610688 0.000010 0.000010 0.389292
0.000010 0.000010 0.999970 0.000010
